n = floor(rnorm(1000, 50, 100))
> print('List of random numbers in normal distribution:')
[1] "List of random numbers in normal distribution:"
> print(n)
   [1]   57  124  143   43   40   77   34  135   94  -13   92  185   16  167  148   87  -37 -107   23  -72    0  287   47  -56   94   55  204  -34   -8 -126   43  -13  106  -88   27  -24
  [37]  137   -4   52 -112    8  165   72    2  210   28   38   19  -50  105  -28  -18  110  171   -6  113   33  124    2   37  101  173   13   56  -91   97  191  107   79  145 -140    1
  [73] -171   10  134    8   43  -19   54  258  -23 -222   52   95    1   57   13  209  220  -41  -37   25   28    8   50  -71  174   75  -66  113 -110  -11    8  217  -45  -56   31   93
 [109] -101  -27  222 -149  146   89   47 -100  121   20  125   80  -23 -154   96  -34 -117   37  -99  132   73  -17  105  -82   30 -132 -118  139  131  160  -70   75   23  226  210  177
 [145]  -18  -59  126  -12  101  110  284  -97   60  167    1   73   21  -13   27   29  -33  131   -8  -54  122 -137   85   98  -24  -46  132   52  163   42  -69   14  233   51  -92   56
 [181]   62  201  -58  129  110  -48 -109  266  -29   39 -134  123  158  129    9  132  -33  -52  112  104  -31   91   63   -7   16  -71  -12   86  117  -79   30  -88   53   58  -13   61
 [217]  227   85   49   68   63   19  113  149  -84   47  -79   36    3   41  152   36   49  -28 -165  210  204  176   15  100  -14   98  -64  -12  108  -39   62  -88    3  -43 -113   37
 [253]  182 -131   76   -3  108    4  108 -140 -104  194  136   59   15   12 -179  -22   14  -44   47   42  -34  270   69   64   45  -29   -3  -52   14 -119  -77   48 -163  -33   17   54
 [289]   41  183  -66   27   34  147    5  176   20   29    3   46    0  104  191  193  285  218   82   28   -1  180   88   81    9  157  -16  -21  152  187   84  -10   94   -6   29   -8
 [325]   12 -121   92  125  -89   35  103  115   43  -22  136  149  162   42  -45  157  104  205    9  -55   26   75   12  -48   36  177  213   74   -3  181  165  177 -111  162   37  256
 [361]  -95  -77  182   -9   41  167  -62  -84  -64   28   -2  141   76  185  -26  -37   39 -116  165   93   -1  205  -63  111  -41  112  -84  175  148   98  -94   61  187  243  101   62
 [397]  -67  -88   45  -80   95   29   95   25    2  164   98 -147   58   61  -42 -128 -136   96  -54   99  122  151   53  -45 -131 -100 -104    4   17  -15   76  202  209   46  -41  129
 [433]  224   43  253  138  -82   58  166  189   -6  -51  111  199  -88  -57  115  -82   64  173   42  -14 -110  -22  173  -56  -51  -95  -23   27  -15  -80  272  171  201  171   47  250
 [469]  -56   55 -111  -10   39  102  -38    6   11   12   18   77  -10    0 -109  -68   76  133   33  -42  216  138   -3  -17 -216  -17 -135   88   89  -11  103 -154   20  131  119   66
 [505]  178   28  152  156  -39   31  -37 -147  105   -4 -212  135   26  103 -116  218 -112   86  108   -8   23   16  -15   49   51   37  114  184   59  179  113  221    4  -53   48   59
 [541]  142   98  278  -10   -7  128  155   47   98   87  180  149   20   43  -12   89  142  169  170  -25  -42  243   49   67  -21   47  -30  -37  -15 -161  -96  126  141   23  301  -47
 [577]  -25   76   85  111   57  -11  -24   95   12  146 -242  124   52  -44   20   73   89  -98  -24   59  -41  114 -106 -114   50  135  307   79  -12   68   34  136   53  113   -2  181
 [613]   43  101  172  -20  174   63  112  -24   44 -151  -42  -63  -20  186  -53   26   25   64 -125   20   46 -148   35  -34  -26  157  -58  -19   36  -32  290  278   87  -47   53  147
 [649]   34  -25   96  104  164 -289  127 -115   52   79   11   87   30  -71  -48 -158  -34   77   70  -12  166  297   34   16  168   18   80   41   40   99   21   12 -110    1  179  -46
 [685]  189 -183  199   -7   52   21  -85  178  -57   31   50   48   44  269  110   33 -227   58  100  -72   62  -57   59   44   30   36   30  -34   12  -35  -34   65 -108  131  112   95
 [721]  150 -161  129  169  -94  -42  171  199   79   22   73   51  183  -90   47   16  134  157   84   84   -2  105   43  -35   51  -33   82   28   17  134  -18   -6   74  105    6  106
 [757]   43   12   16   20  120    4  146  152   85   63  -56   92   31   82    5 -103   52  229   60   37  219  -93   94   62  158  226  -24  -49  157  193 -133   33  171   40    3    3
 [793]  115   62   39   54  190   49   89   35   55   23  -46 -132  -56   51  199   67   65  114  133   67  -92   55    9  -20  235   48  140  281  135   69  -91   29   88 -102   58   60
 [829]  190    2  198  125   82  140   58  -26   76   41   15  220 -207  -43  229  122  -37  170   83  131   31   96   12   87   65  197  -33   40  -73  107  -18  159  -19   84   93   49
 [865]  262   94  -24  -54  133  -51 -223  -19  204  100   47   53   27  108  -75   41  118  178  133  149  115  165   26   -2  151   73   45  -63   43  155   46   62   15   66  140 -198
 [901]   90  -20  140   96   60   13  196    5  106   13  -14    9  208  138  174   97  152  -11   56   50  241   92   30  101   50   75  -62   19 -131  -44  134  -90  -61  154   86  184
 [937]  -26  100   92  182  171   47  141 -110  -83  -24  148  -99  228   60  159    5  -14  -32  -52  -34  -22  129    8  150  226  -55  200  -79 -121  223 -125   94  128  271  -93   96
 [973]  112  -75   85   63  169  -44 -159  -65   75   21    0   17   95   58  117   62  171  196 -110 -107   83  -39   76   54  233   78   -8   43
> t = table(n)
> print("Count occurrences of each value:")
[1] "Count occurrences of each value:"
> print(t)
n
-289 -242 -227 -223 -222 -216 -212 -207 -198 -183 -179 -171 -165 -163 -161 -159 -158 -154 -151 -149 -148 -147 -140 -137 -136 -135 -134 -133 -132 -131 -128 -126 -125 -121 -119 -118 -117 
   1    1    1    1    1    1    1    1    1    1    1    1    1    1    2    1    1    2    1    1    1    2    2    1    1    1    1    1    2    3    1    1    2    2    1    1    1 
-116 -115 -114 -113 -112 -111 -110 -109 -108 -107 -106 -104 -103 -102 -101 -100  -99  -98  -97  -96  -95  -94  -93  -92  -91  -90  -89  -88  -85  -84  -83  -82  -80  -79  -77  -75  -73 
   2    1    1    1    2    2    5    2    1    2    1    2    1    1    1    2    2    1    1    1    2    2    2    2    2    2    1    5    1    3    1    3    2    3    2    2    1 
 -72  -71  -70  -69  -68  -67  -66  -65  -64  -63  -62  -61  -59  -58  -57  -56  -55  -54  -53  -52  -51  -50  -49  -48  -47  -46  -45  -44  -43  -42  -41  -39  -38  -37  -35  -34  -33 
   2    3    1    1    1    1    2    1    2    3    2    1    1    2    3    6    2    3    2    3    3    1    1    3    2    3    3    4    2    5    4    3    1    6    2    8    5 
 -32  -31  -30  -29  -28  -27  -26  -25  -24  -23  -22  -21  -20  -19  -18  -17  -16  -15  -14  -13  -12  -11  -10   -9   -8   -7   -6   -4   -3   -2   -1    0    1    2    3    4    5 
   2    1    1    2    2    1    4    3    8    3    4    2    4    4    4    3    1    4    4    4    6    4    4    1    5    3    4    2    4    4    2    4    4    4    5    4    4 
   6    8    9   10   11   12   13   14   15   16   17   18   19   20   21   22   23   25   26   27   28   29   30   31   33   34   35   36   37   38   39   40   41   42   43   44   45 
   2    5    5    1    2    9    4    3    4    6    4    2    3    7    4    1    5    3    4    5    6    5    6    5    4    5    3    5    6    1    4    4    6    4   11    3    3 
  46   47   48   49   50   51   52   53   54   55   56   57   58   59   60   61   62   63   64   65   66   67   68   69   70   72   73   74   75   76   77   78   79   80   81   82   83 
   4   10    4    6    5    5    7    5    4    4    3    3    7    5    5    3    8    5    3    3    2    3    2    2    1    1    5    2    5    7    3    1    4    2    1    4    2 
  84   85   86   87   88   89   90   91   92   93   94   95   96   97   98   99  100  101  102  103  104  105  106  107  108  110  111  112  113  114  115  117  118  119  120  121  122 
   4    5    3    5    3    5    1    1    5    3    6    6    6    2    6    2    4    5    1    3    4    5    3    2    5    4    3    5    5    3    4    2    1    1    1    1    3 
 123  124  125  126  127  128  129  131  132  133  134  135  136  137  138  139  140  141  142  143  145  146  147  148  149  150  151  152  154  155  156  157  158  159  160  162  163 
   1    3    3    2    1    2    5    5    3    4    4    4    3    1    3    1    4    3    2    1    1    3    2    3    4    2    2    5    1    2    1    5    2    2    1    2    1 
 164  165  166  167  168  169  170  171  172  173  174  175  176  177  178  179  180  181  182  183  184  185  186  187  189  190  191  193  194  196  197  198  199  200  201  202  204 
   2    4    2    3    1    3    2    7    1    3    3    1    2    3    3    2    2    2    3    2    2    2    1    2    2    2    2    2    1    2    1    1    4    1    2    1    3 
 205  208  209  210  213  216  217  218  219  220  221  222  223  224  226  227  228  229  233  235  241  243  250  253  256  258  262  266  269  270  271  272  278  281  284  285  287 
   2    1    2    3    1    1    1    2    1    2    1    1    1    1    3    1    1    2    2    1    1    2    1    1    1    1    1    1    1    1    1    1    2    1    1    1    1 
 290  297  301  307 
   1    1    1    1 
